0.465049 1.10228e-25 1.65861e-09 0.196253 0.234149 0.10455 0.8309 0.00934412 10
0.469002 8.58963e-16 2.51734e-27 0.205379 0.272735 0.0528842 0.844886 0.00836676 10
0.46102 3.80985e-14 1.05786e-23 0.205929 0.22626 0.106791 0.84291 0.00793887 10
0.466101 3.93845e-14 6.96731e-13 0.190897 0.237774 0.105228 0.83952 0.00838253 10
0.467091 5.98151e-11 1.69721e-33 0.212208 0.237055 0.0836456 0.8414 0.00829002 10
0.464527 1.19878e-14 0.00135957 0.205542 0.247594 0.0809778 0.836462 0.00858882 10
0.466087 1.18527e-16 8.7813e-32 0.198566 0.209131 0.126216 0.858833 0.00762613 10
0.462243 2.89121e-11 1.75218e-14 0.203734 0.228896 0.105126 0.837419 0.00616874 10
0.465422 1.17398e-14 7.23785e-17 0.210631 0.256684 0.0672625 0.833084 0.00674847 10
0.465569 1.38927e-09 0.0136444 0.169236 0.256787 0.094763 0.823662 0.0061642 10
0.459027 0.00119817 7.35814e-05 0.201306 0.264427 0.0739687 0.840233 0.00550992 10
0.458016 3.07103e-16 1.24678e-05 0.217226 0.193853 0.130893 0.879853 0.012534 20
0.462586 3.90429e-16 6.89652e-23 0.228645 0.231654 0.0771143 0.897076 0.0119522 20
0.454366 3.49484e-14 3.0449e-19 0.225374 0.198115 0.122145 0.899455 0.0136977 20
0.460866 2.22624e-13 9.26339e-10 0.210016 0.216741 0.112378 0.893055 0.0130774 20
0.459967 3.22025e-09 3.01037e-26 0.236812 0.193418 0.109803 0.898909 0.0121437 20
0.457426 1.05068e-10 0.00142473 0.231492 0.207145 0.102512 0.89275 0.0121817 20
0.461159 1.99622e-16 1.13343e-24 0.21823 0.177635 0.142976 0.910657 0.0101516 20
0.45679 9.02971e-12 2.47767e-12 0.225046 0.189068 0.129096 0.892973 0.00990342 20
0.4591 3.03789e-13 7.26883e-10 0.2342 0.219972 0.0867281 0.883884 0.00927697 20
0.45929 3.73616e-08 0.00836559 0.204711 0.218685 0.108948 0.880183 0.00848529 20
0.440806 0.0168359 2.46029e-06 0.230396 0.221162 0.0907974 0.897831 0.00906374 20
0.455407 7.91704e-15 0.00179484 0.219502 0.183775 0.139521 0.894574 0.0153705 30
0.460336 1.23797e-16 2.99379e-17 0.2314 0.221008 0.0872549 0.911288 0.0140628 30
0.451985 4.14965e-14 1.45287e-15 0.227465 0.189229 0.131321 0.915627 0.016216 30
0.458832 6.19048e-13 1.78754e-06 0.213747 0.207834 0.119585 0.90772 0.0151831 30
0.458141 1.09378e-08 3.51204e-20 0.239109 0.182993 0.119758 0.914162 0.0142266 30
0.455336 6.56555e-10 0.00434274 0.23014 0.197728 0.112453 0.906971 0.0135208 30
0.459488 1.10302e-16 3.94092e-18 0.220795 0.169247 0.15047 0.92694 0.0118274 30
0.454576 3.59444e-11 2.61591e-09 0.22851 0.176474 0.140441 0.909413 0.010868 30
0.457098 4.27016e-13 4.50819e-08 0.2371 0.209634 0.096168 0.899224 0.0118775 30
0.456425 3.78422e-07 0.0151091 0.200715 0.208669 0.119081 0.894131 0.0101974 30
0.430171 0.0297473 4.33461e-05 0.229961 0.214833 0.0952448 0.913036 0.0114597 30
0.454518 7.10932e-15 0.00333194 0.220902 0.180579 0.140669 0.900759 0.0149612 40
0.45958 4.22054e-17 5.33608e-15 0.234843 0.217467 0.0881097 0.918006 0.0145994 40
0.451424 3.04491e-14 3.76676e-13 0.229539 0.187658 0.131379 0.922893 0.0173539 40
0.458115 9.31756e-13 5.51119e-06 0.216798 0.20578 0.119302 0.914286 0.015976 40
0.457407 1.91069e-08 3.12772e-17 0.241939 0.17965 0.121004 0.921266 0.0145456 40
0.454212 1.21145e-09 0.00717032 0.23089 0.194821 0.112905 0.913716 0.0143022 40
0.458755 6.62747e-17 1.10376e-15 0.223211 0.166103 0.151931 0.934111 0.0123086 40
0.453782 2.88632e-11 1.18547e-08 0.231181 0.171179 0.143858 0.916557 0.011565 40
0.456331 7.61453e-13 3.9025e-07 0.239639 0.206902 0.0971279 0.905793 0.0112929 40
0.455334 5.40992e-07 0.0185599 0.200354 0.206128 0.119623 0.900736 0.0106619 40
0.425623 0.0357498 0.000183573 0.23104 0.214392 0.0930117 0.920307 0.0120428 40
0.453972 4.30227e-15 0.00425425 0.220664 0.178052 0.143057 0.904209 0.0154695 50
0.459168 2.41041e-17 2.89477e-13 0.235748 0.215377 0.0897061 0.921308 0.015136 50
0.450903 2.16292e-14 5.47337e-12 0.230675 0.185596 0.132826 0.926879 0.0179319 50
0.457817 9.50839e-13 1.31733e-05 0.217855 0.204148 0.120167 0.917761 0.0165434 50
0.456958 2.60769e-08 2.83888e-15 0.242972 0.177419 0.122652 0.925112 0.0149493 50
0.453731 1.79572e-09 0.00846787 0.230538 0.193277 0.113986 0.917303 0.0145915 50
0.458556 3.74663e-17 3.52757e-14 0.223797 0.164883 0.152765 0.937724 0.0127941 50
0.453331 3.95596e-11 2.05348e-08 0.232578 0.168149 0.145942 0.920222 0.0119967 50
0.455976 7.05624e-13 9.7836e-07 0.240505 0.204754 0.0987638 0.909323 0.0116974 50
0.454789 5.94449e-07 0.0197892 0.200496 0.204313 0.120613 0.904416 0.011041 50
0.423208 0.0389364 0.000234886 0.23112 0.212941 0.0935594 0.924041 0.0124302 50
0.453598 3.99949e-15 0.00469926 0.221229 0.177016 0.143459 0.906037 0.0156479 60
0.458831 1.22117e-17 2.16565e-12 0.236825 0.214054 0.0902899 0.923281 0.0154145 60
0.450643 1.55515e-14 3.75996e-11 0.231335 0.184868 0.133154 0.928954 0.0183781 60
0.457524 1.01556e-12 1.89373e-05 0.21871 0.203372 0.120375 0.919528 0.0169031 60
0.456632 3.57528e-08 1.83797e-14 0.243863 0.176224 0.123281 0.927267 0.01516 60
0.453315 1.9308e-09 0.00903816 0.230947 0.192036 0.114664 0.91932 0.0147886 60
0.458263 2.16324e-17 3.59755e-13 0.224602 0.163532 0.153603 0.939686 0.012972 60
0.453031 3.57709e-11 4.15017e-08 0.233314 0.166823 0.146833 0.922313 0.0122047 60
0.455672 6.68408e-13 1.20255e-06 0.241299 0.203441 0.0995863 0.911341 0.0118529 60
0.454375 6.76073e-07 0.0205771 0.200753 0.203187 0.121107 0.906364 0.0112476 60
0.422241 0.039959 0.000336018 0.231723 0.211839 0.0939017 0.926241 0.0127961 60
