0.0451266
0.0475654
0.0499794
0.0523464
0.0546467
0.0568635
0.0589835
0.0609969
0.0628976
0.0646826
0.0663523
0.0679092
0.0693579
0.0707044
0.0719558
0.0731196
0.0742034
0.075215
0.0761615
0.0770497
0.0778861
0.0786763
0.0794252
0.0801376
0.0808171
0.0814673
0.0820911
0.0826908
0.0832686
0.0838263
0.0843653
0.0848869
0.0853922
0.0858819
0.0863569
0.0868178
0.0872651
0.0876992
0.0881206
0.0885296
0.0889265
0.0893117
0.0896855
0.090048
0.0903995
0.0907404
0.0910708
0.0913909
0.0917011
0.0920015
0.0922924
0.0925741
0.0928467
0.0931104
0.0933656
0.0936125
0.0938512
0.094082
0.0943052
0.0945209
0.0947294
0.0949308
0.0951255
0.0953135
0.0954952
0.0956706
0.0958401
0.0960038
0.0961618
0.0963144
0.0964617
0.096604
0.0967413
0.0968738
0.0970018
0.0971253
0.0972446
0.0973596
0.0974707
0.0975779
0.0976814
0.0977813
0.0978777
0.0979707
0.0980605
0.0981472
0.0982308
0.0983115
0.0983894
0.0984646
0.0985372
0.0986073
0.0986749
0.0987402
0.0988032
0.098864
0.0989227
0.0989794
0.0990341
0.099087
0.099138
0.0991872
0.0992348
0.0992807
0.099325
0.0993678
0.0994092
0.0994491
0.0994877
0.0995249
0.0995609
0.0995956
0.0996292
0.0996616
0.0996929
0.0997232
0.0997524
0.0997806
0.0998079
0.0998343
0.0998598
0.0998844
0.0999082
0.0999312
0.0999535
0.099975
0.0999957
0.100016
0.100035
0.100054
0.100072
0.10009
0.100107
0.100123
0.100139
0.100154
0.100169
0.100184
0.100197
0.100211
0.100224
0.100236
0.100249
0.10026
0.100272
0.100283
0.100293
0.100304
0.100314
0.100323
0.100333
0.100342
0.100351
0.100359
0.100367
0.100375
0.100383
0.10039
0.100398
0.100405
0.100411
0.100418
0.100424
0.10043
0.100436
0.100442
0.100448
0.100453
0.100458
0.100463
0.100468
0.100473
0.100478
0.100482
0.100487
0.100491
0.100495
0.100499
0.100503
0.100506
0.10051
0.100513
0.100517
0.10052
0.100523
0.100526
0.100529
0.100532
0.100535
0.100538
0.10054
0.100543
0.100545
0.100548
0.10055
0.100552
0.100555
0.100557
0.100559
0.100561
0.100563
0.100565
0.100566
0.100568
0.10057
0.100572
0.100573
0.100575
0.100576
0.100578
0.100579
0.100581
0.100582
0.100583
0.100584
0.100586
0.100587
0.100588
0.100589
0.10059
0.100591
0.100592
0.100593
0.100594
0.100595
0.100596
0.100597
0.100598
0.100599
0.1006
0.1006
0.100601
0.100602
0.100603
0.100603
0.100604
0.100605
0.100605
0.100606
0.100607
0.100607
0.100608
0.100608
0.100609
0.100609
0.10061
0.10061
0.100611
0.100611
0.100612
0.100612
0.100613
0.100613
0.100613
0.100614
0.100614
0.100614
0.100615
0.100615
0.100616
0.100616
0.100616
0.100616
0.100617
0.100617
0.100617
0.100618
0.100618
0.100618
0.100618
0.100619
0.100619
0.100619
0.100619
0.10062
0.10062
0.10062
0.10062
0.10062
0.100621
0.100621
0.100621
0.100621
0.100621
0.100621
0.100622
0.100622
0.100622
0.100622
0.100622
0.100622
0.100622
0.100623
0.100623
0.100623
0.100623
0.100623
0.100623
0.100623
0.100623
0.100623
0.100624
0.100624
0.100624
0.100624
0.100624
0.100624
0.100624
0.100624
0.100624
0.100624
0.100624
0.100625
0.100625
0.100625
0.100625
0.100625
0.100625
0.100625
0.100625
0.100625
0.100625
0.100625
0.100625
0.100625
0.100625
0.100625
0.100625
0.100625
0.100625
0.100626
0.100626
0.100626
0.100626
0.100626
0.100626
0.100626
0.100626
0.100626
0.100626
0.100626
0.100626
0.100626
0.100626
0.100626
0.100626
0.100626
0.100626
0.100626
0.100626
0.100626
0.100626
0.100626
0.100626
0.100626
0.100626
0.100626
0.100626
0.100626
0.100626
0.100626
0.100626
0.100626
0.100626
0.100626
0.100626
0.100627
0.100627
0.100627
0.100627
0.100627
0.100627
0.100627
0.100627
0.100627
0.100627
0.100627
0.100627
0.100627
0.100627
0.100627
0.100627
0.100627
0.100627
0.100627
0.100627
0.100627
0.100627
0.100627
0.100627
0.100627
0.100627
0.100627
0.100627
0.100627
0.100627
0.100627
0.100627
0.100627
0.100627
0.100627
0.100627
0.100627
0.100627
0.100627
0.100627
0.100627
0.100627
0.100627
0.100627
0.100627
0.100627
0.100627
0.100627
0.100627
0.100627
0.100627
0.100627
0.100627
0.100627
0.100627
0.100627
0.100627
0.100627
0.100627
0.100627
0.100627
0.100627
0.100627
0.100627
0.100627
0.100627
0.100627
0.100627
0.100627
0.100627
0.100627
0.100627
0.100627
0.100627
0.100627
0.100627
0.100627
0.100627
0.100627
0.100627
0.100627
0.100627
0.100627
0.100627
0.100627
0.100627
0.100627
0.100627
0.100627
0.100627
0.100627
0.100627
0.100627
0.100627
0.100627
0.100627
0.100627
0.100627
0.100627
0.100627
0.100627
0.100627
0.100627
0.100627
0.100627
0.100627
0.100627
0.100627
0.100627
0.100627
0.100627
0.100627
0.100627
0.100627
0.100627
0.100627
0.100627
0.100627
0.100627
0.100627
0.100627
0.100627
0.100627
0.100627
0.100627
0.100627
0.100627
0.100627
0.100627
0.100627
0.100627
0.100627
0.100627
0.100627
0.100627
0.100627
0.100627
0.100627
0.100627
0.100627
0.100627
0.100627
0.100627
0.100627
0.100627
0.100627
0.100627
0.100627
0.100627
0.100627
0.100627
0.100627
0.100627
0.100627
0.100627
0.100627
0.100627
0.100627
0.100627
0.100627
0.100627
0.100627
0.100627
0.100627
0.100627
0.100627
0.100627
0.100627
0.100627
0.100627
0.100627
0.100627
0.100627
0.100627
0.100627
0.100627
0.100627
0.100627
0.100627
0.100627
0.100627
0.100627
0.100627
0.100627
0.100627
0.100627
0.100627
0.100627
0.100627
0.100627
0.100627
0.100627
0.100627
0.100627
0.100627
0.100627
0.100627
0.100627
0.100627
0.100627
0.100627
0.100627
0.100627
0.100627
0.100627
0.100627
0.100627
0.100627
0.100627
0.100627
0.100627
0.100627
0.100627
0.100627
0.100627
0.100627
0.100627
0.100627
0.100627
0.100627
0.100627
0.100627
0.100627
0.100627
0.100627
0.100627
0.100627
0.100627
0.100627
0.100627
0.100627
0.100627
0.100627
0.100627
0.100627
0.100627
0.100627
0.100627
0.100627
0.100627
0.100627
0.100627
0.100627
0.100627
0.100627
0.100627
0.100627
0.100627
0.100627
0.100627
0.100627
0.100627
0.100627
0.100627
0.100627
0.100627
0.100627
0.100627
0.100627
0.100627
0.100627
0.100627
0.100627
0.100627
0.100627
0.100627
0.100627
0.100627
0.100627
0.100627
0.100627
0.100627
0.100627
0.100627
0.100627
0.100627
0.100627
0.100627
0.100627
0.100627
0.100627
0.100627
0.100627
0.100627
0.100627
0.100627
0.100627
0.100627
0.100627
0.100627
0.100627
0.100627
0.100627
0.100627
0.100627
0.100627
0.100627
0.100627
0.100627
0.100627
0.100627
0.100627
0.100627
0.100627
0.100627
0.100627
0.100627
0.100627
0.100627
0.100627
0.100627
0.100627
0.100627
0.100627
0.100627
0.100627
0.100627
0.100627
0.100627
0.100627
0.100627
0.100627
0.100627
0.100627
0.100627
0.100627
0.100627
0.100627
0.100627
0.100627
0.100627
0.100627
0.100627
0.100627
0.100627
0.100627
0.100627
0.100627
0.100627
0.100627
0.100627
0.100627
0.100627
0.100627
0.100627
0.100627
0.100627
0.100627
0.100627
0.100627
0.100627
0.100627
0.100627
0.100627
0.100627
0.100627
0.100627
0.100627
0.100627
0.100627
0.100627
0.100627
0.100627
0.100627
0.100627
0.100627
0.100627
0.100627
0.100627
0.100627
0.100627
0.100627
0.100627
0.100627
0.100627
0.100627
0.100627
0.100627
0.100627
0.100627
0.100627
0.100627
0.100627
0.100627
0.100627
0.100627
0.100627
0.100627
0.100627
0.100627
0.100627
0.100627
0.100627
0.100627
0.100627
0.100627
0.100627
0.100627
0.100627
0.100627
0.100627
0.100627
0.100627
0.100627
0.100627
0.100627
0.100627
0.100627
0.100627
0.100627
0.100627
0.100627
0.100627
0.100627
0.100627
0.100627
0.100627
0.100627
0.100627
0.100627
0.100627
0.100627
0.100627
0.100627
0.100627
0.100627
0.100627
0.100627
0.100627
0.100627
0.100627
0.100627
0.100627
0.100627
0.100627
0.100627
0.100627
0.100627
0.100627
0.100627
0.100627
0.100627
0.100627
0.100627
0.100627
0.100627
0.100627
0.100627
0.100627
0.100627
0.100627
0.100627
0.100627
0.100627
0.100627
0.100627
0.100627
0.100627
0.100627
0.100627
0.100627
0.100627
0.100627
0.100627
0.100627
0.100627
0.100627
0.100627
0.100627
0.100627
0.100627
0.100627
0.100627
0.100627
0.100627
0.100627
0.100627
0.100627
0.100627
0.100627
0.100627
0.100627
0.100627
0.100627
0.100627
0.100627
0.100627
0.100627
0.100627
0.100627
0.100627
0.100627
0.100627
0.100627
0.100627
0.100627
0.100627
0.100627
0.100627
0.100627
0.100627
0.100627
0.100627
0.100627
0.100627
0.100627
0.100627
0.100627
0.100627
0.100627
0.100627
0.100627
0.100627
0.100627
0.100627
0.100627
0.100627
0.100627
0.100627
0.100627
0.100627
0.100627
0.100627
0.100627
0.100627
0.100627
0.100627
0.100627
0.100627
0.100627
0.100627
0.100627
0.100627
0.100627
0.100627
0.100627
0.100627
0.100627
0.100627
0.100627
0.100627
0.100627
0.100627
0.100627
0.100627
0.100627
0.100627
0.100627
0.100627
0.100627
0.100627
0.100627
0.100627
0.100627
0.100627
0.100627
0.100627
0.100627
0.100627
0.100627
0.100627
0.100627
0.100627
0.100627
0.100627
0.100627
0.100627
0.100627
0.100627
0.100627
0.100627
0.100627
0.100627
0.100627
0.100627
0.100627
0.100627
0.100627
0.100627
0.100627
0.100627
0.100627
0.100627
0.100627
0.100627
0.100627
0.100627
0.100627
0.100627
0.100627
0.100627
0.100627
0.100627
0.100627
0.100627
0.100627
0.100627
0.100627
0.100627
0.100627
0.100627
0.100627
0.100627
0.100627
0.100627
0.100627
0.100627
0.100627
0.100627
0.100627
0.100627
0.100627
0.100627
0.100627
0.100627
0.100627
0.100627
0.100627
0.100627
0.100627
0.100627
0.100627
0.100627
0.100627
0.100627
0.100627
0.100627
0.100627
0.100627
0.100627
0.100627
0.100627
0.100627
0.100627
0.100627
0.100627
0.100627
0.100627
0.100627
0.100627
0.100627
0.100627
0.100627
0.100627
0.100627
0.100627
0.100627
0.100627
0.100627
0.100627
0.100627
0.100627
0.100627
0.100627
0.100627
0.100627
0.100627
0.100627
0.100627
0.100627
0.100627
0.100627
0.100627
0.100627
0.100627
0.100627
0.100627
0.100627
0.100627
0.100627
0.100627
0.100627
0.100627
0.100627
0.100627
0.100627
0.100627
0.100627
0.100627
0.100627
0.100627
0.100627
0.100627
0.100627
0.100627
0.100627
0.100627
0.100627
0.100627
0.100627
0.100627
0.100627
0.100627
0.100627
0.100627
0.100627
0.100627
0.100627
0.100627
0.100627
0.100627
0.100627
0.100627
0.100627
0.100627
0.100627
0.100627
0.100627
0.100627
0.100627
0.100627
0.100627
0.100627
0.100627
0.100627
0.100627
0.100627
0.100627
0.100627
0.100627
0.100627
0.100627
0.100627
0.100627
0.100627
0.100627
0.100627
0.100627
0.100627
0.100627
0.100627
0.100627
0.100627
0.100627
0.100627
0.100627
0.100627
0.100627
0.100627
0.100627
0.100627
0.100627
0.100627
0.100627
0.100627
0.100627
0.100627
0.100627
0.100627
0.100627
0.100627
0.100627
0.100627
0.100627
0.100627
0.100627
0.100627
0.100627
0.100627
0.100627
0.100627
0.100627
0.100627
0.100627
0.100627
0.100627
0.100627
0.100627
0.100627
0.100627
0.100627
0.100627
0.100627
0.100627
0.100627
0.100627
0.100627
0.100627
0.100627
0.100627
0.100627
0.100627
0.100627
0.100627
0.100627
0.100627
0.100627
0.100627
0.100627
0.100627
0.100627
0.100627
0.100627
0.100627
0.100627
0.100627
0.100627
0.100627
0.100627
0.100627
0.100627
0.100627
0.100627
0.100627
0.100627
0.100627
0.100627
0.100627
0.100627
0.100627
0.100627
0.100627
0.100627
0.100627
0.100627
0.100627
0.100627
0.100627
0.100627
0.100627
0.100627
0.100627
0.100627
0.100627
0.100627
0.100627
0.100627
0.100627
0.100627
0.100627
0.100627
0.100627
0.100627
0.100627
0.100627
0.100627
0.100627
0.100627
0.100627
0.100627
0.100627
0.100627
0.100627
0.100627
0.100627
0.100627
0.100627
0.100627
0.100627
0.100627
0.100627
0.100627
0.100627
0.100627
0.100627
0.100627
0.100627
0.100627
0.100627
0.100627
0.100627
0.100627
0.100627
0.100627
0.100627
0.100627
0.100627
0.100627
0.100627
0.100627
0.100627
0.100627
0.100627
0.100627
0.100627
0.100627
0.100627
0.100627
0.100627
0.100627
0.100627
0.100627
0.100627
0.100627
0.100627
0.100627
0.100627
0.100627
0.100627
0.100627
0.100627
0.100627
0.100627
0.100627
0.100627
0.100627
0.100627
0.100627
0.100627
0.100627
0.100627
0.100627
0.100627
0.100627
0.100627
0.100627
0.100627
0.100627
0.100627
0.100627
0.100627
0.100627
0.100627
0.100627
0.100627
0.100627
0.100627
0.100627
0.100627
0.100627
0.100627
0.100627
0.100627
0.100627
0.100627
0.100627
0.100627
0.100627
0.100627
0.100627
0.100627
0.100627
0.100627
0.100627
0.100627
0.100627
0.100627
0.100627
0.100627
0.100627
0.100627
0.100627
0.100627
0.100627
0.100627
0.100627
0.100627
0.100627
0.100627
0.100627
0.100627
0.100627
0.100627
0.100627
0.100627
0.100627
0.100627
0.100627
0.100627
0.100627
0.100627
0.100627
0.100627
0.100627
0.100627
0.100627
0.100627
0.100627
0.100627
0.100627
0.100627
0.100627
0.100627
0.100627
0.100627
0.100627
0.100627
0.100627
0.100627
0.100627
0.100627
0.100627
0.100627
0.100627
0.100627
0.100627
0.100627
0.100627
0.100627
0.100627
0.100627
0.100627
0.100627
0.100627
0.100627
0.100627
0.100627
0.100627
0.100627
0.100627
0.100627
0.100627
0.100627
0.100627
0.100627
0.100627
0.100627
0.100627
0.100627
0.100627
0.100627
0.100627
0.100627
0.100627
0.100627
0.100627
0.100627
0.100627
0.100627
0.100627
0.100627
0.100627
0.100627
0.100627
0.100627
0.100627
0.100627
0.100627
0.100627
0.100627
0.100627
0.100627
0.100627
0.100627
0.100627
0.100627
0.100627
0.100627
0.100627
0.100627
0.100627
0.100627
0.100627
0.100627
0.100627
0.100627
0.100627
0.100627
0.100627
0.100627
0.100627
0.100627
0.100627
0.100627
0.100627
0.100627
0.100627
0.100627
0.100627
0.100627
0.100627
0.100627
0.100627
0.100627
0.100627
0.100627
0.100627
0.100627
0.100627
0.100627
0.100627
0.100627
0.100627
0.100627
0.100627
0.100627
0.100627
0.100627
0.100627
0.100627
0.100627
0.100627
0.100627
0.100627
0.100627
0.100627
0.100627
0.100627
0.100627
0.100627
0.100627
0.100627
0.100627
0.100627
0.100627
0.100627
0.100627
0.100627
0.100627
0.100627
0.100627
0.100627
0.100627
0.100627
0.100627
0.100627
0.100627
0.100627
0.100627
0.100627
0.100627
0.100627
0.100627
0.100627
0.100627
0.100627
0.100627
0.100627
0.100627
0.100627
0.100627
0.100627
0.100627
0.100627
0.100627
0.100627
0.100627
0.100627
0.100627
0.100627
0.100627
0.100627
0.100627
0.100627
0.100627
0.100627
0.100627
0.100627
0.100627
0.100627
0.100627
0.100627
0.100627
0.100627
0.100627
0.100627
0.100627
0.100627
0.100627
0.100627
0.100627
0.100627
0.100627
0.100627
0.100627
0.100627
0.100627
0.100627
0.100627
0.100627
0.100627
0.100627
0.100627
0.100627
0.100627
0.100627
0.100627
0.100627
0.100627
0.100627
0.100627
0.100627
0.100627
0.100627
0.100627
0.100627
0.100627
0.100627
0.100627
0.100627
0.100627
0.100627
0.100627
0.100627
0.100627
0.100627
0.100627
0.100627
0.100627
0.100627
0.100627
0.100627
0.100627
0.100627
0.100627
0.100627
0.100627
0.100627
0.100627
0.100627
0.100627
0.100627
0.100627
0.100627
0.100627
0.100627
0.100627
0.100627
0.100627
0.100627
0.100627
0.100627
0.100627
0.100627
0.100627
0.100627
0.100627
0.100627
0.100627
0.100627
0.100627
0.100627
0.100627
0.100627
0.100627
0.100627
0.100627
0.100627
0.100627
0.100627
0.100627
0.100627
0.100627
0.100627
0.100627
0.100627
0.100627
0.100627
0.100627
0.100627
0.100627
0.100627
0.100627
0.100627
0.100627
0.100627
0.100627
0.100627
0.100627
0.100627
0.100627
0.100627
0.100627
0.100627
0.100627
0.100627
0.100627
0.100627
0.100627
0.100627
0.100627
0.100627
0.100627
0.100627
0.100627
0.100627
0.100627
0.100627
0.100627
0.100627
0.100627
0.100627
0.100627
0.100627
0.100627
0.100627
0.100627
0.100627
0.100627
0.100627
0.100627
0.100627
0.100627
0.100627
0.100627
0.100627
0.100627
0.100627
0.100627
0.100627
0.100627
0.100627
0.100627
0.100627
0.100627
0.100627
0.100627
0.100627
0.100627
0.100627
0.100627
0.100627
0.100627
0.100627
0.100627
0.100627
0.100627
0.100627
0.100627
0.100627
0.100627
0.100627
0.100627
0.100627
0.100627
0.100627
0.100627
0.100627
0.100627
0.100627
0.100627
0.100627
0.100627
0.100627
0.100627
0.100627
0.100627
0.100627
0.100627
0.100627
0.100627
0.100627
0.100627
0.100627
0.100627
0.100627
0.100627
0.100627
0.100627
0.100627
0.100627
0.100627
0.100627
0.100627
0.100627
0.100627
0.100627
0.100627
0.100627
0.100627
0.100627
0.100627
0.100627
0.100627
0.100627
0.100627
0.100627
0.100627
0.100627
0.100627
0.100627
0.100627
0.100627
0.100627
0.100627
0.100627
0.100627
0.100627
0.100627
0.100627
0.100627
0.100627
0.100627
0.100627
0.100627
0.100627
0.100627
0.100627
0.100627
0.100627
0.100627
0.100627
0.100627
0.100627
0.100627
0.100627
0.100627
0.100627
0.100627
0.100627
0.100627
0.100627
0.100627
0.100627
0.100627
0.100627
0.100627
0.100627
0.100627
0.100627
0.100627
0.100627
0.100627
0.100627
0.100627
0.100627
0.100627
0.100627
0.100627
0.100627
0.100627
0.100627
0.100627
0.100627
0.100627
0.100627
0.100627
0.100627
0.100627
0.100627
0.100627
0.100627
0.100627
0.100627
0.100627
0.100627
0.100627
0.100627
0.100627
0.100627
0.100627
0.100627
0.100627
0.100627
0.100627
0.100627
0.100627
0.100627
0.100627
0.100627
0.100627
0.100627
0.100627
0.100627
0.100627
0.100627
0.100627
0.100627
0.100627
0.100627
0.100627
0.100627
0.100627
0.100627
0.100627
0.100627
0.100627
0.100627
0.100627
0.100627
0.100627
0.100627
0.100627
0.100627
0.100627
0.100627
0.100627
0.100627
0.100627
0.100627
0.100627
0.100627
0.100627
0.100627
0.100627
0.100627
0.100627
0.100627
0.100627
0.100627
0.100627
0.100627
0.100627
0.100627
0.100627
0.100627
0.100627
0.100627
0.100627
0.100627
0.100627
0.100627
0.100627
0.100627
0.100627
0.100627
0.100627
0.100627
0.100627
0.100627
0.100627
0.100627
0.100627
0.100627
0.100627
0.100627
0.100627
0.100627
0.100627
0.100627
0.100627
0.100627
0.100627
0.100627
0.100627
0.100627
0.100627
0.100627
0.100627
0.100627
0.100627
0.100627
0.100627
0.100627
0.100627
0.100627
0.100627
0.100627
0.100627
0.100627
0.100627
0.100627
0.100627
0.100627
0.100627
0.100627
0.100627
0.100627
0.100627
0.100627
0.100627
0.100627
0.100627
0.100627
0.100627
0.100627
0.100627
0.100627
0.100627
0.100627
0.100627
0.100627
0.100627
0.100627
0.100627
0.100627
0.100627
0.100627
0.100627
0.100627
0.100627
0.100627
0.100627
0.100627
0.100627
0.100627
0.100627
0.100627
0.100627
0.100627
0.100627
0.100627
0.100627
0.100627
0.100627
0.100627
0.100627
0.100627
0.100627
0.100627
0.100627
0.100627
0.100627
0.100627
0.100627
0.100627
0.100627
0.100627
0.100627
0.100627
0.100627
0.100627
0.100627
0.100627
0.100627
0.100627
0.100627
0.100627
0.100627
0.100627
0.100627
0.100627
0.100627
0.100627
0.100627
0.100627
0.100627
0.100627
0.100627
0.100627
0.100627
0.100627
0.100627
0.100627
0.100627
0.100627
0.100627
0.100627
0.100627
0.100627
0.100627
0.100627
0.100627
0.100627
0.100627
0.100627
0.100627
0.100627
0.100627
0.100627
0.100627
0.100627
0.100627
0.100627
