0.821691
0.838775
0.847442
0.853302
0.857556
0.860738
0.863176
0.865086
0.866613
0.867856
0.868882
0.86974
0.870465
0.871082
0.871611
0.872067
0.872461
0.872803
0.8731
0.87336
0.873586
0.873784
0.873957
0.874108
0.874241
0.874358
0.87446
0.87455
0.87463
0.874699
0.874761
0.874815
0.874862
0.874904
0.874941
0.874974
0.875003
0.875029
0.875051
0.875071
0.875089
0.875105
0.875119
0.875131
0.875142
0.875152
0.87516
0.875168
0.875175
0.875181
0.875186
0.875191
0.875195
0.875199
0.875202
0.875205
0.875207
0.87521
0.875212
0.875214
0.875215
0.875217
0.875218
0.875219
0.87522
0.875221
0.875222
0.875223
0.875223
0.875224
0.875225
0.875225
0.875225
0.875226
0.875226
0.875226
0.875227
0.875227
0.875227
0.875227
0.875228
0.875228
0.875228
0.875228
0.875228
0.875228
0.875228
0.875228
0.875228
0.875229
0.875229
0.875229
0.875229
0.875229
0.875229
0.875229
0.875229
0.875229
0.875229
0.875229
0.875229
0.875229
0.875229
0.875229
0.875229
0.875229
0.875229
0.875229
0.875229
0.875229
0.875229
0.875229
0.875229
0.875229
0.875229
0.875229
0.875229
0.875229
0.875229
0.875229
0.875229
0.875229
0.875229
0.875229
0.875229
0.875229
0.875229
0.875229
0.875229
0.875229
0.875229
0.875229
0.875229
0.875229
0.875229
0.875229
0.875229
0.875229
0.875229
0.875229
0.875229
0.875229
0.875229
0.875229
0.875229
0.875229
0.875229
0.875229
0.875229
0.875229
0.875229
0.875229
0.875229
0.875229
0.875229
0.875229
0.875229
0.875229
0.875229
0.875229
0.875229
0.875229
0.875229
0.875229
0.875229
0.875229
0.875229
0.875229
0.875229
0.875229
0.875229
0.875229
0.875229
0.875229
0.875229
0.875229
0.875229
0.875229
0.875229
0.875229
0.875229
0.875229
0.875229
0.875229
0.875229
0.875229
0.875229
0.875229
0.875229
0.875229
0.875229
0.875229
0.875229
0.875229
0.875229
0.875229
0.875229
0.875229
0.875229
0.875229
0.875229
0.875229
0.875229
0.875229
0.875229
0.875229
0.875229
0.875229
0.875229
0.875229
0.875229
0.875229
0.875229
0.875229
0.875229
0.875229
0.875229
0.875229
0.875229
0.875229
0.875229
0.875229
0.875229
0.875229
0.875229
0.875229
0.875229
0.875229
0.875229
0.875229
0.875229
0.875229
0.875229
0.875229
0.875229
0.875229
0.875229
0.875229
0.875229
0.875229
0.875229
0.875229
0.875229
0.875229
0.875229
0.875229
0.875229
0.875229
0.875229
0.875229
0.875229
0.875229
0.875229
0.875229
0.875229
0.875229
0.875229
0.875229
0.875229
0.875229
0.875229
0.875229
0.875229
0.875229
0.875229
0.875229
0.875229
0.875229
0.875229
0.875229
0.875229
0.875229
0.875229
0.875229
0.875229
0.875229
0.875229
0.875229
0.875229
0.875229
0.875229
0.875229
0.875229
0.875229
0.875229
0.875229
0.875229
0.875229
0.875229
0.875229
0.875229
0.875229
0.875229
0.875229
0.875229
0.875229
0.875229
0.875229
0.875229
0.875229
0.875229
0.875229
0.875229
0.875229
0.875229
0.875229
0.875229
0.875229
0.875229
0.875229
0.875229
0.875229
0.875229
0.875229
0.875229
0.875229
0.875229
0.875229
0.875229
0.875229
0.875229
0.875229
0.875229
0.875229
0.875229
0.875229
0.875229
0.875229
0.875229
0.875229
0.875229
0.875229
0.875229
0.875229
0.875229
0.875229
0.875229
0.875229
0.875229
0.875229
0.875229
0.875229
0.875229
0.875229
0.875229
0.875229
0.875229
0.875229
0.875229
0.875229
0.875229
0.875229
0.875229
0.875229
0.875229
0.875229
0.875229
0.875229
0.875229
0.875229
0.875229
0.875229
0.875229
0.875229
0.875229
0.875229
0.875229
0.875229
0.875229
0.875229
0.875229
0.875229
0.875229
0.875229
0.875229
0.875229
0.875229
0.875229
0.875229
0.875229
0.875229
0.875229
0.875229
0.875229
0.875229
0.875229
0.875229
0.875229
0.875229
0.875229
0.875229
0.875229
0.875229
0.875229
0.875229
0.875229
0.875229
0.875229
0.875229
0.875229
0.875229
0.875229
0.875229
0.875229
0.875229
0.875229
0.875229
0.875229
0.875229
0.875229
0.875229
0.875229
0.875229
0.875229
0.875229
0.875229
0.875229
0.875229
0.875229
0.875229
0.875229
0.875229
0.875229
0.875229
0.875229
0.875229
0.875229
0.875229
0.875229
0.875229
0.875229
0.875229
0.875229
0.875229
0.875229
0.875229
0.875229
0.875229
0.875229
0.875229
0.875229
0.875229
0.875229
0.875229
0.875229
0.875229
0.875229
0.875229
0.875229
0.875229
0.875229
0.875229
0.875229
0.875229
0.875229
0.875229
0.875229
0.875229
0.875229
0.875229
0.875229
0.875229
0.875229
0.875229
0.875229
0.875229
0.875229
0.875229
0.875229
0.875229
0.875229
0.875229
0.875229
0.875229
0.875229
0.875229
0.875229
0.875229
0.875229
0.875229
0.875229
0.875229
0.875229
0.875229
0.875229
0.875229
0.875229
0.875229
0.875229
0.875229
0.875229
0.875229
0.875229
0.875229
0.875229
0.875229
0.875229
0.875229
0.875229
0.875229
0.875229
0.875229
0.875229
0.875229
0.875229
0.875229
0.875229
0.875229
0.875229
0.875229
0.875229
0.875229
0.875229
0.875229
0.875229
0.875229
0.875229
0.875229
0.875229
0.875229
0.875229
0.875229
0.875229
0.875229
0.875229
0.875229
0.875229
0.875229
0.875229
0.875229
0.875229
0.875229
0.875229
0.875229
0.875229
0.875229
0.875229
0.875229
0.875229
0.875229
0.875229
0.875229
0.875229
0.875229
0.875229
0.875229
0.875229
0.875229
0.875229
0.875229
0.875229
0.875229
0.875229
0.875229
0.875229
0.875229
0.875229
0.875229
0.875229
0.875229
0.875229
0.875229
0.875229
0.875229
0.875229
0.875229
0.875229
0.875229
0.875229
0.875229
0.875229
0.875229
0.875229
0.875229
0.875229
0.875229
0.875229
0.875229
0.875229
0.875229
0.875229
0.875229
0.875229
0.875229
0.875229
0.875229
0.875229
0.875229
0.875229
0.875229
0.875229
0.875229
0.875229
0.875229
0.875229
0.875229
0.875229
0.875229
0.875229
0.875229
0.875229
0.875229
0.875229
0.875229
0.875229
0.875229
0.875229
0.875229
0.875229
0.875229
0.875229
0.875229
0.875229
0.875229
0.875229
0.875229
0.875229
0.875229
0.875229
0.875229
0.875229
0.875229
0.875229
0.875229
0.875229
0.875229
0.875229
0.875229
0.875229
0.875229
0.875229
0.875229
0.875229
0.875229
0.875229
0.875229
0.875229
0.875229
0.875229
0.875229
0.875229
0.875229
0.875229
0.875229
0.875229
0.875229
0.875229
0.875229
0.875229
0.875229
0.875229
0.875229
0.875229
0.875229
0.875229
0.875229
0.875229
0.875229
0.875229
0.875229
0.875229
0.875229
0.875229
0.875229
0.875229
0.875229
0.875229
0.875229
0.875229
0.875229
0.875229
0.875229
0.875229
0.875229
0.875229
0.875229
0.875229
0.875229
0.875229
0.875229
0.875229
0.875229
0.875229
0.875229
0.875229
0.875229
0.875229
0.875229
0.875229
0.875229
0.875229
0.875229
0.875229
0.875229
0.875229
0.875229
0.875229
0.875229
0.875229
0.875229
0.875229
0.875229
0.875229
0.875229
0.875229
0.875229
0.875229
0.875229
0.875229
0.875229
0.875229
0.875229
0.875229
0.875229
0.875229
0.875229
0.875229
0.875229
0.875229
0.875229
0.875229
0.875229
0.875229
0.875229
0.875229
0.875229
0.875229
0.875229
0.875229
0.875229
0.875229
0.875229
0.875229
0.875229
0.875229
0.875229
0.875229
0.875229
0.875229
0.875229
0.875229
0.875229
0.875229
0.875229
0.875229
0.875229
0.875229
0.875229
0.875229
0.875229
0.875229
0.875229
0.875229
0.875229
0.875229
0.875229
0.875229
0.875229
0.875229
0.875229
0.875229
0.875229
0.875229
0.875229
0.875229
0.875229
0.875229
0.875229
0.875229
0.875229
0.875229
0.875229
0.875229
0.875229
0.875229
0.875229
0.875229
0.875229
0.875229
0.875229
0.875229
0.875229
0.875229
0.875229
0.875229
0.875229
0.875229
0.875229
0.875229
0.875229
0.875229
0.875229
0.875229
0.875229
0.875229
0.875229
0.875229
0.875229
0.875229
0.875229
0.875229
0.875229
0.875229
0.875229
0.875229
0.875229
0.875229
0.875229
0.875229
0.875229
0.875229
0.875229
0.875229
0.875229
0.875229
0.875229
0.875229
0.875229
0.875229
0.875229
0.875229
0.875229
0.875229
0.875229
0.875229
0.875229
0.875229
0.875229
0.875229
0.875229
0.875229
0.875229
0.875229
0.875229
0.875229
0.875229
0.875229
0.875229
0.875229
0.875229
0.875229
0.875229
0.875229
0.875229
0.875229
0.875229
0.875229
0.875229
0.875229
0.875229
0.875229
0.875229
0.875229
0.875229
0.875229
0.875229
0.875229
0.875229
0.875229
0.875229
0.875229
0.875229
0.875229
0.875229
0.875229
0.875229
0.875229
0.875229
0.875229
0.875229
0.875229
0.875229
0.875229
0.875229
0.875229
0.875229
0.875229
0.875229
0.875229
0.875229
0.875229
0.875229
0.875229
0.875229
0.875229
0.875229
0.875229
0.875229
0.875229
0.875229
0.875229
0.875229
0.875229
0.875229
0.875229
0.875229
0.875229
0.875229
0.875229
0.875229
0.875229
0.875229
0.875229
0.875229
0.875229
0.875229
0.875229
0.875229
0.875229
0.875229
0.875229
0.875229
0.875229
0.875229
0.875229
0.875229
0.875229
0.875229
0.875229
0.875229
0.875229
0.875229
0.875229
0.875229
0.875229
0.875229
0.875229
0.875229
0.875229
0.875229
0.875229
0.875229
0.875229
0.875229
0.875229
0.875229
0.875229
0.875229
0.875229
0.875229
0.875229
0.875229
0.875229
0.875229
0.875229
0.875229
0.875229
0.875229
0.875229
0.875229
0.875229
0.875229
0.875229
0.875229
0.875229
0.875229
0.875229
0.875229
0.875229
0.875229
0.875229
0.875229
0.875229
0.875229
0.875229
0.875229
0.875229
0.875229
0.875229
0.875229
0.875229
0.875229
0.875229
0.875229
0.875229
0.875229
0.875229
0.875229
0.875229
0.875229
0.875229
0.875229
0.875229
0.875229
0.875229
0.875229
0.875229
0.875229
0.875229
0.875229
0.875229
0.875229
0.875229
0.875229
0.875229
0.875229
0.875229
0.875229
0.875229
0.875229
