0.0523677
0.0544975
0.0566003
0.05866
0.0606622
0.0625949
0.0644485
0.066216
0.067893
0.0694775
0.0709694
0.0723705
0.0736839
0.0749139
0.0760653
0.0771435
0.078154
0.0791024
0.079994
0.0808339
0.0816269
0.0823772
0.0830889
0.0837655
0.0844103
0.0850259
0.0856148
0.0861793
0.0867213
0.0872422
0.0877437
0.0882269
0.0886929
0.0891428
0.0895773
0.0899972
0.0904033
0.090796
0.0911761
0.0915438
0.0918999
0.0922446
0.0925783
0.0929016
0.0932146
0.0935179
0.0938116
0.0940962
0.0943719
0.094639
0.0948979
0.0951487
0.0953918
0.0956273
0.0958556
0.0960769
0.0962915
0.0964995
0.0967011
0.0968966
0.0970862
0.0972701
0.0974485
0.0976215
0.0977893
0.0979522
0.0981102
0.0982635
0.0984124
0.0985568
0.0986971
0.0988332
0.0989654
0.0990938
0.0992185
0.0993396
0.0994572
0.0995715
0.0996825
0.0997904
0.0998952
0.0999971
0.100096
0.100192
0.100286
0.100377
0.100465
0.100552
0.100635
0.100717
0.100796
0.100873
0.100948
0.101021
0.101091
0.10116
0.101228
0.101293
0.101357
0.101418
0.101479
0.101537
0.101594
0.10165
0.101704
0.101757
0.101808
0.101858
0.101907
0.101954
0.102
0.102045
0.102089
0.102131
0.102173
0.102213
0.102253
0.102291
0.102329
0.102365
0.1024
0.102435
0.102469
0.102502
0.102533
0.102565
0.102595
0.102625
0.102653
0.102681
0.102709
0.102736
0.102762
0.102787
0.102812
0.102836
0.102859
0.102882
0.102904
0.102926
0.102947
0.102968
0.102988
0.103007
0.103027
0.103045
0.103063
0.103081
0.103098
0.103115
0.103132
0.103148
0.103163
0.103178
0.103193
0.103208
0.103222
0.103235
0.103249
0.103262
0.103275
0.103287
0.103299
0.103311
0.103322
0.103334
0.103344
0.103355
0.103366
0.103376
0.103386
0.103395
0.103405
0.103414
0.103423
0.103431
0.10344
0.103448
0.103456
0.103464
0.103472
0.103479
0.103487
0.103494
0.103501
0.103508
0.103514
0.103521
0.103527
0.103533
0.103539
0.103545
0.103551
0.103556
0.103562
0.103567
0.103572
0.103577
0.103582
0.103587
0.103591
0.103596
0.1036
0.103605
0.103609
0.103613
0.103617
0.103621
0.103625
0.103629
0.103632
0.103636
0.103639
0.103643
0.103646
0.103649
0.103652
0.103655
0.103658
0.103661
0.103664
0.103667
0.10367
0.103672
0.103675
0.103677
0.10368
0.103682
0.103684
0.103687
0.103689
0.103691
0.103693
0.103695
0.103697
0.103699
0.103701
0.103703
0.103705
0.103707
0.103708
0.10371
0.103712
0.103713
0.103715
0.103717
0.103718
0.10372
0.103721
0.103722
0.103724
0.103725
0.103726
0.103728
0.103729
0.10373
0.103731
0.103732
0.103734
0.103735
0.103736
0.103737
0.103738
0.103739
0.10374
0.103741
0.103742
0.103743
0.103743
0.103744
0.103745
0.103746
0.103747
0.103748
0.103748
0.103749
0.10375
0.10375
0.103751
0.103752
0.103753
0.103753
0.103754
0.103754
0.103755
0.103756
0.103756
0.103757
0.103757
0.103758
0.103758
0.103759
0.103759
0.10376
0.10376
0.103761
0.103761
0.103762
0.103762
0.103762
0.103763
0.103763
0.103764
0.103764
0.103764
0.103765
0.103765
0.103766
0.103766
0.103766
0.103767
0.103767
0.103767
0.103767
0.103768
0.103768
0.103768
0.103769
0.103769
0.103769
0.103769
0.10377
0.10377
0.10377
0.10377
0.103771
0.103771
0.103771
0.103771
0.103771
0.103772
0.103772
0.103772
0.103772
0.103772
0.103773
0.103773
0.103773
0.103773
0.103773
0.103773
0.103774
0.103774
0.103774
0.103774
0.103774
0.103774
0.103774
0.103775
0.103775
0.103775
0.103775
0.103775
0.103775
0.103775
0.103775
0.103776
0.103776
0.103776
0.103776
0.103776
0.103776
0.103776
0.103776
0.103776
0.103776
0.103776
0.103777
0.103777
0.103777
0.103777
0.103777
0.103777
0.103777
0.103777
0.103777
0.103777
0.103777
0.103777
0.103777
0.103778
0.103778
0.103778
0.103778
0.103778
0.103778
0.103778
0.103778
0.103778
0.103778
0.103778
0.103778
0.103778
0.103778
0.103778
0.103778
0.103778
0.103778
0.103778
0.103778
0.103779
0.103779
0.103779
0.103779
0.103779
0.103779
0.103779
0.103779
0.103779
0.103779
0.103779
0.103779
0.103779
0.103779
0.103779
0.103779
0.103779
0.103779
0.103779
0.103779
0.103779
0.103779
0.103779
0.103779
0.103779
0.103779
0.103779
0.103779
0.103779
0.103779
0.103779
0.103779
0.103779
0.103779
0.103779
0.103779
0.103779
0.103779
0.10378
0.10378
0.10378
0.10378
0.10378
0.10378
0.10378
0.10378
0.10378
0.10378
0.10378
0.10378
0.10378
0.10378
0.10378
0.10378
0.10378
0.10378
0.10378
0.10378
0.10378
0.10378
0.10378
0.10378
0.10378
0.10378
0.10378
0.10378
0.10378
0.10378
0.10378
0.10378
0.10378
0.10378
0.10378
0.10378
0.10378
0.10378
0.10378
0.10378
0.10378
0.10378
0.10378
0.10378
0.10378
0.10378
0.10378
0.10378
0.10378
0.10378
0.10378
0.10378
0.10378
0.10378
0.10378
0.10378
0.10378
0.10378
0.10378
0.10378
0.10378
0.10378
0.10378
0.10378
0.10378
0.10378
0.10378
0.10378
0.10378
0.10378
0.10378
0.10378
0.10378
0.10378
0.10378
0.10378
0.10378
0.10378
0.10378
0.10378
0.10378
0.10378
0.10378
0.10378
0.10378
0.10378
0.10378
0.10378
0.10378
0.10378
0.10378
0.10378
0.10378
0.10378
0.10378
0.10378
0.10378
0.10378
0.10378
0.10378
0.10378
0.10378
0.10378
0.10378
0.10378
0.10378
0.10378
0.10378
0.10378
0.10378
0.10378
0.10378
0.10378
0.10378
0.10378
0.10378
0.10378
0.10378
0.10378
0.10378
0.10378
0.10378
0.10378
0.10378
0.10378
0.10378
0.10378
0.10378
0.10378
0.10378
0.10378
0.10378
0.10378
0.10378
0.10378
0.10378
0.10378
0.10378
0.10378
0.10378
0.10378
0.10378
0.10378
0.10378
0.10378
0.10378
0.10378
0.10378
0.10378
0.10378
0.10378
0.10378
0.10378
0.10378
0.10378
0.10378
0.10378
0.10378
0.10378
0.10378
0.10378
0.10378
0.10378
0.10378
0.10378
0.10378
0.10378
0.10378
0.10378
0.10378
0.10378
0.10378
0.10378
0.10378
0.10378
0.10378
0.10378
0.10378
0.10378
0.10378
0.10378
0.10378
0.10378
0.10378
0.10378
0.10378
0.10378
0.10378
0.10378
0.10378
0.10378
0.10378
0.10378
0.10378
0.10378
0.10378
0.10378
0.10378
0.10378
0.10378
0.10378
0.10378
0.10378
0.10378
0.10378
0.10378
0.10378
0.10378
0.10378
0.10378
0.10378
0.10378
0.10378
0.10378
0.10378
0.10378
0.10378
0.10378
0.10378
0.10378
0.10378
0.10378
0.10378
0.10378
0.10378
0.10378
0.10378
0.10378
0.10378
0.10378
0.10378
0.10378
0.10378
0.10378
0.10378
0.10378
0.10378
0.10378
0.10378
0.10378
0.10378
0.10378
0.10378
0.10378
0.10378
0.10378
0.10378
0.10378
0.10378
0.10378
0.10378
0.10378
0.10378
0.10378
0.10378
0.10378
0.10378
0.10378
0.10378
0.10378
0.10378
0.10378
0.10378
0.10378
0.10378
0.10378
0.10378
0.10378
0.10378
0.10378
0.10378
0.10378
0.10378
0.10378
0.10378
0.10378
0.10378
0.10378
0.10378
0.10378
0.10378
0.10378
0.10378
0.10378
0.10378
0.10378
0.10378
0.10378
0.10378
0.10378
0.10378
0.10378
0.10378
0.10378
0.10378
0.10378
0.10378
0.10378
0.10378
0.10378
0.10378
0.10378
0.10378
0.10378
0.10378
0.10378
0.10378
0.10378
0.10378
0.10378
0.10378
0.10378
0.10378
0.10378
0.10378
0.10378
0.10378
0.10378
0.10378
0.10378
0.10378
0.10378
0.10378
0.10378
0.10378
0.10378
0.10378
0.10378
0.10378
0.10378
0.10378
0.10378
0.10378
0.10378
0.10378
0.10378
0.10378
0.10378
0.10378
0.10378
0.10378
0.10378
0.10378
0.10378
0.10378
0.10378
0.10378
0.10378
0.10378
0.10378
0.10378
0.10378
0.10378
0.10378
0.10378
0.10378
0.10378
0.10378
0.10378
0.10378
0.10378
0.10378
0.10378
0.10378
0.10378
0.10378
0.10378
0.10378
0.10378
0.10378
0.10378
0.10378
0.10378
0.10378
0.10378
0.10378
0.10378
0.10378
0.10378
0.10378
0.10378
0.10378
0.10378
0.10378
0.10378
0.10378
0.10378
0.10378
0.10378
0.10378
0.10378
0.10378
0.10378
0.10378
0.10378
0.10378
0.10378
0.10378
0.10378
0.10378
0.10378
0.10378
0.10378
0.10378
0.10378
0.10378
0.10378
0.10378
0.10378
0.10378
0.10378
0.10378
0.10378
0.10378
0.10378
0.10378
0.10378
0.10378
0.10378
0.10378
0.10378
0.10378
0.10378
0.10378
0.10378
0.10378
0.10378
0.10378
0.10378
0.10378
0.10378
0.10378
0.10378
0.10378
0.10378
0.10378
0.10378
0.10378
0.10378
0.10378
0.10378
0.10378
0.10378
0.10378
0.10378
0.10378
0.10378
0.10378
0.10378
0.10378
0.10378
0.10378
0.10378
0.10378
0.10378
0.10378
0.10378
0.10378
0.10378
0.10378
0.10378
0.10378
0.10378
0.10378
0.10378
0.10378
0.10378
0.10378
0.10378
0.10378
0.10378
0.10378
0.10378
0.10378
0.10378
0.10378
0.10378
0.10378
0.10378
0.10378
0.10378
0.10378
0.10378
0.10378
0.10378
0.10378
0.10378
0.10378
0.10378
0.10378
0.10378
0.10378
0.10378
0.10378
0.10378
0.10378
0.10378
0.10378
0.10378
0.10378
0.10378
0.10378
0.10378
0.10378
0.10378
0.10378
0.10378
0.10378
0.10378
0.10378
0.10378
0.10378
0.10378
0.10378
0.10378
0.10378
0.10378
0.10378
0.10378
0.10378
0.10378
0.10378
0.10378
0.10378
0.10378
0.10378
0.10378
0.10378
0.10378
0.10378
0.10378
0.10378
0.10378
0.10378
0.10378
0.10378
0.10378
0.10378
0.10378
0.10378
0.10378
0.10378
0.10378
0.10378
0.10378
0.10378
0.10378
0.10378
0.10378
0.10378
0.10378
0.10378
0.10378
0.10378
0.10378
0.10378
0.10378
0.10378
0.10378
0.10378
0.10378
0.10378
0.10378
0.10378
0.10378
0.10378
0.10378
0.10378
0.10378
0.10378
0.10378
0.10378
0.10378
0.10378
0.10378
0.10378
0.10378
0.10378
0.10378
0.10378
0.10378
0.10378
0.10378
0.10378
0.10378
0.10378
0.10378
0.10378
0.10378
0.10378
0.10378
0.10378
0.10378
0.10378
0.10378
0.10378
0.10378
0.10378
0.10378
0.10378
0.10378
0.10378
0.10378
0.10378
0.10378
0.10378
0.10378
0.10378
0.10378
0.10378
0.10378
0.10378
0.10378
0.10378
0.10378
0.10378
0.10378
0.10378
0.10378
0.10378
0.10378
0.10378
0.10378
0.10378
0.10378
0.10378
0.10378
0.10378
0.10378
0.10378
0.10378
0.10378
0.10378
0.10378
0.10378
0.10378
0.10378
0.10378
0.10378
0.10378
0.10378
0.10378
0.10378
0.10378
0.10378
0.10378
0.10378
0.10378
0.10378
0.10378
0.10378
0.10378
0.10378
0.10378
0.10378
0.10378
0.10378
0.10378
0.10378
0.10378
0.10378
0.10378
0.10378
0.10378
0.10378
0.10378
0.10378
0.10378
0.10378
0.10378
0.10378
0.10378
0.10378
0.10378
0.10378
0.10378
0.10378
0.10378
0.10378
0.10378
0.10378
0.10378
0.10378
0.10378
0.10378
0.10378
0.10378
0.10378
0.10378
0.10378
0.10378
0.10378
0.10378
0.10378
0.10378
0.10378
0.10378
0.10378
0.10378
0.10378
0.10378
0.10378
0.10378
0.10378
0.10378
0.10378
0.10378
0.10378
0.10378
0.10378
0.10378
0.10378
0.10378
0.10378
0.10378
0.10378
0.10378
0.10378
0.10378
0.10378
0.10378
0.10378
0.10378
0.10378
0.10378
0.10378
0.10378
0.10378
0.10378
0.10378
0.10378
0.10378
0.10378
0.10378
0.10378
0.10378
0.10378
0.10378
0.10378
0.10378
0.10378
0.10378
0.10378
0.10378
0.10378
0.10378
0.10378
0.10378
0.10378
0.10378
0.10378
0.10378
0.10378
0.10378
0.10378
0.10378
0.10378
0.10378
0.10378
0.10378
0.10378
0.10378
0.10378
0.10378
0.10378
0.10378
0.10378
0.10378
0.10378
0.10378
0.10378
0.10378
0.10378
0.10378
0.10378
0.10378
0.10378
0.10378
0.10378
0.10378
0.10378
0.10378
0.10378
0.10378
0.10378
0.10378
0.10378
0.10378
0.10378
0.10378
0.10378
0.10378
0.10378
0.10378
0.10378
0.10378
0.10378
0.10378
0.10378
0.10378
0.10378
0.10378
0.10378
0.10378
0.10378
0.10378
0.10378
0.10378
0.10378
0.10378
0.10378
0.10378
0.10378
0.10378
0.10378
0.10378
0.10378
0.10378
0.10378
0.10378
0.10378
0.10378
0.10378
0.10378
0.10378
0.10378
0.10378
0.10378
0.10378
0.10378
0.10378
0.10378
0.10378
0.10378
0.10378
0.10378
0.10378
0.10378
0.10378
0.10378
0.10378
0.10378
0.10378
0.10378
0.10378
0.10378
0.10378
0.10378
0.10378
0.10378
0.10378
0.10378
0.10378
0.10378
0.10378
0.10378
0.10378
0.10378
0.10378
0.10378
0.10378
0.10378
0.10378
0.10378
0.10378
0.10378
0.10378
0.10378
0.10378
0.10378
0.10378
0.10378
0.10378
0.10378
0.10378
0.10378
0.10378
0.10378
0.10378
0.10378
0.10378
0.10378
0.10378
0.10378
0.10378
0.10378
0.10378
0.10378
0.10378
0.10378
0.10378
0.10378
0.10378
0.10378
0.10378
0.10378
0.10378
0.10378
0.10378
0.10378
0.10378
0.10378
0.10378
0.10378
0.10378
0.10378
0.10378
0.10378
0.10378
0.10378
0.10378
0.10378
0.10378
0.10378
0.10378
0.10378
0.10378
0.10378
0.10378
0.10378
0.10378
0.10378
0.10378
0.10378
0.10378
0.10378
0.10378
0.10378
0.10378
0.10378
0.10378
0.10378
0.10378
0.10378
0.10378
0.10378
0.10378
0.10378
0.10378
0.10378
0.10378
0.10378
0.10378
0.10378
0.10378
0.10378
0.10378
0.10378
0.10378
0.10378
0.10378
0.10378
0.10378
0.10378
0.10378
0.10378
0.10378
0.10378
0.10378
0.10378
0.10378
0.10378
0.10378
0.10378
0.10378
0.10378
0.10378
0.10378
0.10378
0.10378
0.10378
0.10378
0.10378
0.10378
0.10378
0.10378
0.10378
0.10378
0.10378
0.10378
0.10378
0.10378
0.10378
0.10378
0.10378
0.10378
0.10378
0.10378
0.10378
0.10378
0.10378
0.10378
0.10378
0.10378
0.10378
0.10378
0.10378
0.10378
0.10378
0.10378
0.10378
0.10378
0.10378
0.10378
0.10378
0.10378
0.10378
0.10378
0.10378
0.10378
0.10378
0.10378
0.10378
0.10378
0.10378
0.10378
0.10378
0.10378
0.10378
0.10378
0.10378
0.10378
0.10378
0.10378
0.10378
0.10378
0.10378
0.10378
0.10378
0.10378
0.10378
0.10378
0.10378
0.10378
0.10378
0.10378
0.10378
0.10378
0.10378
0.10378
0.10378
0.10378
0.10378
0.10378
0.10378
0.10378
0.10378
0.10378
0.10378
0.10378
0.10378
0.10378
0.10378
0.10378
0.10378
0.10378
0.10378
0.10378
0.10378
0.10378
0.10378
0.10378
0.10378
0.10378
0.10378
0.10378
0.10378
0.10378
0.10378
0.10378
0.10378
0.10378
0.10378
0.10378
0.10378
0.10378
0.10378
0.10378
0.10378
0.10378
0.10378
0.10378
0.10378
0.10378
0.10378
0.10378
0.10378
0.10378
0.10378
0.10378
0.10378
0.10378
0.10378
0.10378
0.10378
0.10378
0.10378
0.10378
0.10378
0.10378
0.10378
0.10378
0.10378
0.10378
0.10378
0.10378
0.10378
0.10378
0.10378
0.10378
0.10378
0.10378
0.10378
0.10378
0.10378
0.10378
0.10378
0.10378
0.10378
0.10378
0.10378
0.10378
0.10378
0.10378
0.10378
0.10378
0.10378
0.10378
0.10378
0.10378
0.10378
0.10378
0.10378
0.10378
0.10378
0.10378
0.10378
0.10378
0.10378
0.10378
0.10378
0.10378
0.10378
0.10378
0.10378
0.10378
0.10378
0.10378
0.10378
0.10378
0.10378
0.10378
0.10378
0.10378
0.10378
0.10378
0.10378
0.10378
0.10378
0.10378
0.10378
0.10378
0.10378
0.10378
0.10378
0.10378
0.10378
0.10378
0.10378
0.10378
0.10378
0.10378
0.10378
0.10378
0.10378
0.10378
0.10378
0.10378
0.10378
0.10378
0.10378
0.10378
0.10378
0.10378
0.10378
0.10378
0.10378
0.10378
0.10378
0.10378
0.10378
0.10378
0.10378
0.10378
0.10378
0.10378
0.10378
0.10378
0.10378
0.10378
0.10378
0.10378
0.10378
0.10378
0.10378
0.10378
0.10378
0.10378
0.10378
0.10378
0.10378
0.10378
0.10378
0.10378
0.10378
0.10378
0.10378
0.10378
0.10378
0.10378
0.10378
0.10378
0.10378
0.10378
0.10378
0.10378
0.10378
0.10378
0.10378
0.10378
0.10378
0.10378
0.10378
0.10378
0.10378
0.10378
0.10378
0.10378
0.10378
0.10378
0.10378
0.10378
0.10378
0.10378
0.10378
0.10378
0.10378
0.10378
0.10378
0.10378
0.10378
0.10378
0.10378
0.10378
0.10378
0.10378
0.10378
0.10378
0.10378
0.10378
0.10378
0.10378
0.10378
0.10378
0.10378
0.10378
0.10378
0.10378
0.10378
0.10378
0.10378
0.10378
0.10378
0.10378
0.10378
0.10378
0.10378
0.10378
0.10378
0.10378
0.10378
0.10378
0.10378
0.10378
0.10378
0.10378
0.10378
0.10378
0.10378
0.10378
0.10378
0.10378
0.10378
0.10378
0.10378
0.10378
0.10378
0.10378
0.10378
0.10378
0.10378
0.10378
0.10378
0.10378
0.10378
0.10378
0.10378
0.10378
0.10378
0.10378
0.10378
0.10378
0.10378
0.10378
0.10378
0.10378
0.10378
0.10378
0.10378
0.10378
0.10378
0.10378
0.10378
0.10378
0.10378
0.10378
0.10378
0.10378
0.10378
0.10378
0.10378
0.10378
0.10378
0.10378
0.10378
0.10378
0.10378
0.10378
0.10378
0.10378
0.10378
0.10378
0.10378
0.10378
0.10378
0.10378
0.10378
0.10378
0.10378
0.10378
0.10378
0.10378
0.10378
0.10378
0.10378
0.10378
0.10378
0.10378
0.10378
0.10378
0.10378
0.10378
0.10378
0.10378
0.10378
0.10378
0.10378
0.10378
0.10378
0.10378
0.10378
0.10378
0.10378
0.10378
0.10378
0.10378
0.10378
0.10378
0.10378
0.10378
0.10378
0.10378
0.10378
0.10378
0.10378
0.10378
0.10378
0.10378
0.10378
0.10378
0.10378
0.10378
0.10378
0.10378
0.10378
0.10378
0.10378
0.10378
0.10378
0.10378
0.10378
0.10378
0.10378
0.10378
0.10378
0.10378
0.10378
0.10378
0.10378
0.10378
0.10378
0.10378
0.10378
0.10378
0.10378
0.10378
0.10378
0.10378
0.10378
0.10378
0.10378
0.10378
0.10378
0.10378
0.10378
0.10378
0.10378
0.10378
0.10378
0.10378
0.10378
0.10378
0.10378
0.10378
0.10378
0.10378
0.10378
0.10378
0.10378
0.10378
0.10378
0.10378
0.10378
0.10378
0.10378
0.10378
0.10378
0.10378
0.10378
0.10378
0.10378
0.10378
0.10378
0.10378
0.10378
0.10378
0.10378
0.10378
0.10378
0.10378
0.10378
0.10378
0.10378
0.10378
0.10378
0.10378
0.10378
0.10378
0.10378
0.10378
0.10378
0.10378
0.10378
0.10378
0.10378
0.10378
0.10378
0.10378
0.10378
0.10378
0.10378
0.10378
0.10378
0.10378
0.10378
0.10378
0.10378
0.10378
0.10378
0.10378
0.10378
0.10378
0.10378
0.10378
0.10378
0.10378
0.10378
0.10378
0.10378
0.10378
0.10378
0.10378
0.10378
0.10378
0.10378
0.10378
0.10378
0.10378
0.10378
0.10378
0.10378
0.10378
0.10378
0.10378
0.10378
0.10378
0.10378
0.10378
0.10378
0.10378
0.10378
0.10378
0.10378
0.10378
0.10378
0.10378
0.10378
0.10378
0.10378
0.10378
0.10378
0.10378
0.10378
0.10378
0.10378
0.10378
0.10378
0.10378
0.10378
0.10378
0.10378
0.10378
0.10378
0.10378
0.10378
0.10378
0.10378
0.10378
0.10378
0.10378
0.10378
0.10378
0.10378
0.10378
0.10378
0.10378
0.10378
0.10378
0.10378
0.10378
0.10378
0.10378
