0.213983
0.232642
0.250663
0.267757
0.283687
0.298286
0.311455
0.323164
0.333448
0.342386
0.350089
0.356686
0.362307
0.367081
0.371126
0.37455
0.377448
0.379901
0.381981
0.383746
0.385248
0.386527
0.387621
0.388557
0.389361
0.390054
0.390652
0.391169
0.391618
0.392009
0.392349
0.392647
0.392907
0.393136
0.393337
0.393514
0.39367
0.393808
0.39393
0.394038
0.394134
0.394219
0.394295
0.394362
0.394422
0.394476
0.394524
0.394567
0.394605
0.394639
0.394669
0.394696
0.394721
0.394743
0.394762
0.39478
0.394796
0.39481
0.394823
0.394834
0.394844
0.394853
0.394862
0.394869
0.394876
0.394882
0.394887
0.394892
0.394896
0.3949
0.394904
0.394907
0.39491
0.394912
0.394915
0.394917
0.394919
0.39492
0.394922
0.394923
0.394925
0.394926
0.394927
0.394928
0.394928
0.394929
0.39493
0.39493
0.394931
0.394931
0.394932
0.394932
0.394933
0.394933
0.394933
0.394933
0.394934
0.394934
0.394934
0.394934
0.394934
0.394934
0.394935
0.394935
0.394935
0.394935
0.394935
0.394935
0.394935
0.394935
0.394935
0.394935
0.394935
0.394935
0.394935
0.394935
0.394935
0.394935
0.394936
0.394936
0.394936
0.394936
0.394936
0.394936
0.394936
0.394936
0.394936
0.394936
0.394936
0.394936
0.394936
0.394936
0.394936
0.394936
0.394936
0.394936
0.394936
0.394936
0.394936
0.394936
0.394936
0.394936
0.394936
0.394936
0.394936
0.394936
0.394936
0.394936
0.394936
0.394936
0.394936
0.394936
0.394936
0.394936
0.394936
0.394936
0.394936
0.394936
0.394936
0.394936
0.394936
0.394936
0.394936
0.394936
0.394936
0.394936
0.394936
0.394936
0.394936
0.394936
0.394936
0.394936
0.394936
0.394936
0.394936
0.394936
0.394936
0.394936
0.394936
0.394936
0.394936
0.394936
0.394936
0.394936
0.394936
0.394936
0.394936
0.394936
0.394936
0.394936
0.394936
0.394936
0.394936
0.394936
0.394936
0.394936
0.394936
0.394936
0.394936
0.394936
0.394936
0.394936
0.394936
0.394936
0.394936
0.394936
0.394936
0.394936
0.394936
0.394936
0.394936
0.394936
0.394936
0.394936
0.394936
0.394936
0.394936
0.394936
0.394936
0.394936
0.394936
0.394936
0.394936
0.394936
0.394936
0.394936
0.394936
0.394936
0.394936
0.394936
0.394936
0.394936
0.394936
0.394936
0.394936
0.394936
0.394936
0.394936
0.394936
0.394936
0.394936
0.394936
0.394936
0.394936
0.394936
0.394936
0.394936
0.394936
0.394936
0.394936
0.394936
0.394936
0.394936
0.394936
0.394936
0.394936
0.394936
0.394936
0.394936
0.394936
0.394936
0.394936
0.394936
0.394936
0.394936
0.394936
0.394936
0.394936
0.394936
0.394936
0.394936
0.394936
0.394936
0.394936
0.394936
0.394936
0.394936
0.394936
0.394936
0.394936
0.394936
0.394936
0.394936
0.394936
0.394936
0.394936
0.394936
0.394936
0.394936
0.394936
0.394936
0.394936
0.394936
0.394936
0.394936
0.394936
0.394936
0.394936
0.394936
0.394936
0.394936
0.394936
0.394936
0.394936
0.394936
0.394936
0.394936
0.394936
0.394936
0.394936
0.394936
0.394936
0.394936
0.394936
0.394936
0.394936
0.394936
0.394936
0.394936
0.394936
0.394936
0.394936
0.394936
0.394936
0.394936
0.394936
0.394936
0.394936
0.394936
0.394936
0.394936
0.394936
0.394936
0.394936
0.394936
0.394936
0.394936
0.394936
0.394936
0.394936
0.394936
0.394936
0.394936
0.394936
0.394936
0.394936
0.394936
0.394936
0.394936
0.394936
0.394936
0.394936
0.394936
0.394936
0.394936
0.394936
0.394936
0.394936
0.394936
0.394936
0.394936
0.394936
0.394936
0.394936
0.394936
0.394936
0.394936
0.394936
0.394936
0.394936
0.394936
0.394936
0.394936
0.394936
0.394936
0.394936
0.394936
0.394936
0.394936
0.394936
0.394936
0.394936
0.394936
0.394936
0.394936
0.394936
0.394936
0.394936
0.394936
0.394936
0.394936
0.394936
0.394936
0.394936
0.394936
0.394936
0.394936
0.394936
0.394936
0.394936
0.394936
0.394936
0.394936
0.394936
0.394936
0.394936
0.394936
0.394936
0.394936
0.394936
0.394936
0.394936
0.394936
0.394936
0.394936
0.394936
0.394936
0.394936
0.394936
0.394936
0.394936
0.394936
0.394936
0.394936
0.394936
0.394936
0.394936
0.394936
0.394936
0.394936
0.394936
0.394936
0.394936
0.394936
0.394936
0.394936
0.394936
0.394936
0.394936
0.394936
0.394936
0.394936
0.394936
0.394936
0.394936
0.394936
0.394936
0.394936
0.394936
0.394936
0.394936
0.394936
0.394936
0.394936
0.394936
0.394936
0.394936
0.394936
0.394936
0.394936
0.394936
0.394936
0.394936
0.394936
0.394936
0.394936
0.394936
0.394936
0.394936
0.394936
0.394936
0.394936
0.394936
0.394936
0.394936
0.394936
0.394936
0.394936
0.394936
0.394936
0.394936
0.394936
0.394936
0.394936
0.394936
0.394936
0.394936
0.394936
0.394936
0.394936
0.394936
0.394936
0.394936
0.394936
0.394936
0.394936
0.394936
0.394936
0.394936
0.394936
0.394936
0.394936
0.394936
0.394936
0.394936
0.394936
0.394936
0.394936
0.394936
0.394936
0.394936
0.394936
0.394936
0.394936
0.394936
0.394936
0.394936
0.394936
0.394936
0.394936
0.394936
0.394936
0.394936
0.394936
0.394936
0.394936
0.394936
0.394936
0.394936
0.394936
0.394936
0.394936
0.394936
0.394936
0.394936
0.394936
0.394936
0.394936
0.394936
0.394936
0.394936
0.394936
0.394936
0.394936
0.394936
0.394936
0.394936
0.394936
0.394936
0.394936
0.394936
0.394936
0.394936
0.394936
0.394936
0.394936
0.394936
0.394936
0.394936
0.394936
0.394936
0.394936
0.394936
0.394936
0.394936
0.394936
0.394936
0.394936
0.394936
0.394936
0.394936
0.394936
0.394936
0.394936
0.394936
0.394936
0.394936
0.394936
0.394936
0.394936
0.394936
0.394936
0.394936
0.394936
0.394936
0.394936
0.394936
0.394936
0.394936
0.394936
0.394936
0.394936
0.394936
0.394936
0.394936
0.394936
0.394936
0.394936
0.394936
0.394936
0.394936
0.394936
0.394936
0.394936
0.394936
0.394936
0.394936
0.394936
0.394936
0.394936
0.394936
0.394936
0.394936
0.394936
0.394936
0.394936
0.394936
0.394936
0.394936
0.394936
0.394936
0.394936
0.394936
0.394936
0.394936
0.394936
0.394936
0.394936
0.394936
0.394936
0.394936
0.394936
0.394936
0.394936
0.394936
0.394936
0.394936
0.394936
0.394936
0.394936
0.394936
0.394936
0.394936
0.394936
0.394936
0.394936
0.394936
0.394936
0.394936
0.394936
0.394936
0.394936
0.394936
0.394936
0.394936
0.394936
0.394936
0.394936
0.394936
0.394936
0.394936
0.394936
0.394936
0.394936
0.394936
0.394936
0.394936
0.394936
0.394936
0.394936
0.394936
0.394936
0.394936
0.394936
0.394936
0.394936
0.394936
0.394936
0.394936
0.394936
0.394936
0.394936
0.394936
0.394936
0.394936
0.394936
0.394936
0.394936
0.394936
0.394936
0.394936
0.394936
0.394936
0.394936
0.394936
0.394936
0.394936
0.394936
0.394936
0.394936
0.394936
0.394936
0.394936
0.394936
0.394936
0.394936
0.394936
0.394936
0.394936
0.394936
0.394936
0.394936
0.394936
0.394936
0.394936
0.394936
0.394936
0.394936
0.394936
0.394936
0.394936
0.394936
0.394936
0.394936
0.394936
0.394936
0.394936
0.394936
0.394936
0.394936
0.394936
0.394936
0.394936
0.394936
0.394936
0.394936
0.394936
0.394936
0.394936
0.394936
0.394936
0.394936
0.394936
0.394936
0.394936
0.394936
0.394936
0.394936
0.394936
0.394936
0.394936
0.394936
0.394936
0.394936
0.394936
0.394936
0.394936
0.394936
0.394936
0.394936
0.394936
0.394936
0.394936
0.394936
0.394936
0.394936
0.394936
0.394936
0.394936
0.394936
0.394936
0.394936
0.394936
0.394936
0.394936
0.394936
0.394936
0.394936
0.394936
0.394936
0.394936
0.394936
0.394936
0.394936
0.394936
0.394936
0.394936
0.394936
0.394936
0.394936
0.394936
0.394936
0.394936
0.394936
0.394936
0.394936
0.394936
0.394936
0.394936
0.394936
0.394936
0.394936
0.394936
0.394936
0.394936
0.394936
0.394936
0.394936
0.394936
0.394936
0.394936
0.394936
0.394936
0.394936
0.394936
0.394936
0.394936
0.394936
0.394936
0.394936
0.394936
0.394936
0.394936
0.394936
0.394936
0.394936
0.394936
0.394936
0.394936
0.394936
0.394936
0.394936
0.394936
0.394936
0.394936
0.394936
0.394936
0.394936
0.394936
0.394936
0.394936
0.394936
0.394936
0.394936
0.394936
0.394936
0.394936
0.394936
0.394936
0.394936
0.394936
0.394936
0.394936
0.394936
0.394936
0.394936
0.394936
0.394936
0.394936
0.394936
0.394936
0.394936
0.394936
0.394936
0.394936
0.394936
0.394936
0.394936
0.394936
0.394936
0.394936
0.394936
0.394936
0.394936
0.394936
0.394936
0.394936
0.394936
0.394936
0.394936
0.394936
0.394936
0.394936
0.394936
0.394936
0.394936
0.394936
0.394936
0.394936
0.394936
0.394936
0.394936
0.394936
0.394936
0.394936
0.394936
0.394936
0.394936
0.394936
0.394936
0.394936
0.394936
0.394936
0.394936
0.394936
0.394936
0.394936
0.394936
0.394936
0.394936
0.394936
0.394936
0.394936
0.394936
0.394936
0.394936
0.394936
0.394936
0.394936
0.394936
0.394936
0.394936
0.394936
0.394936
0.394936
0.394936
0.394936
0.394936
0.394936
0.394936
0.394936
0.394936
0.394936
0.394936
0.394936
0.394936
0.394936
0.394936
0.394936
0.394936
0.394936
0.394936
0.394936
0.394936
0.394936
0.394936
0.394936
0.394936
0.394936
0.394936
0.394936
0.394936
0.394936
0.394936
0.394936
0.394936
0.394936
0.394936
0.394936
0.394936
0.394936
0.394936
0.394936
0.394936
0.394936
0.394936
0.394936
0.394936
0.394936
0.394936
0.394936
0.394936
0.394936
0.394936
0.394936
0.394936
0.394936
0.394936
0.394936
0.394936
0.394936
0.394936
0.394936
0.394936
0.394936
0.394936
0.394936
0.394936
0.394936
0.394936
0.394936
0.394936
0.394936
0.394936
0.394936
0.394936
0.394936
0.394936
0.394936
0.394936
0.394936
0.394936
0.394936
0.394936
0.394936
0.394936
0.394936
0.394936
0.394936
0.394936
0.394936
0.394936
0.394936
0.394936
0.394936
0.394936
0.394936
0.394936
0.394936
0.394936
0.394936
0.394936
0.394936
0.394936
0.394936
0.394936
0.394936
0.394936
0.394936
0.394936
0.394936
0.394936
0.394936
0.394936
0.394936
0.394936
0.394936
0.394936
0.394936
0.394936
0.394936
0.394936
0.394936
0.394936
0.394936
0.394936
0.394936
0.394936
0.394936
0.394936
0.394936
0.394936
0.394936
0.394936
0.394936
0.394936
0.394936
0.394936
0.394936
0.394936
0.394936
0.394936
0.394936
0.394936
0.394936
0.394936
0.394936
0.394936
0.394936
0.394936
0.394936
0.394936
0.394936
0.394936
0.394936
0.394936
0.394936
0.394936
0.394936
0.394936
0.394936
0.394936
0.394936
0.394936
0.394936
0.394936
0.394936
0.394936
0.394936
0.394936
0.394936
0.394936
0.394936
0.394936
0.394936
0.394936
0.394936
0.394936
0.394936
0.394936
0.394936
0.394936
0.394936
0.394936
0.394936
0.394936
0.394936
0.394936
0.394936
0.394936
0.394936
0.394936
0.394936
0.394936
0.394936
0.394936
0.394936
0.394936
0.394936
0.394936
0.394936
0.394936
0.394936
0.394936
0.394936
0.394936
0.394936
0.394936
0.394936
0.394936
0.394936
0.394936
0.394936
0.394936
0.394936
0.394936
0.394936
0.394936
0.394936
0.394936
0.394936
0.394936
0.394936
0.394936
0.394936
0.394936
0.394936
0.394936
0.394936
0.394936
0.394936
0.394936
0.394936
0.394936
0.394936
0.394936
0.394936
0.394936
0.394936
0.394936
0.394936
0.394936
0.394936
0.394936
0.394936
0.394936
0.394936
0.394936
0.394936
0.394936
0.394936
0.394936
0.394936
0.394936
0.394936
0.394936
0.394936
0.394936
0.394936
0.394936
0.394936
0.394936
0.394936
0.394936
0.394936
0.394936
0.394936
0.394936
0.394936
0.394936
0.394936
0.394936
0.394936
0.394936
0.394936
0.394936
0.394936
0.394936
0.394936
0.394936
0.394936
0.394936
0.394936
0.394936
0.394936
0.394936
0.394936
0.394936
0.394936
0.394936
0.394936
0.394936
0.394936
0.394936
0.394936
0.394936
0.394936
0.394936
0.394936
0.394936
0.394936
0.394936
0.394936
0.394936
0.394936
0.394936
0.394936
0.394936
0.394936
0.394936
0.394936
0.394936
0.394936
0.394936
0.394936
0.394936
0.394936
0.394936
0.394936
0.394936
0.394936
0.394936
0.394936
0.394936
0.394936
0.394936
0.394936
0.394936
0.394936
0.394936
0.394936
0.394936
0.394936
0.394936
0.394936
0.394936
0.394936
0.394936
0.394936
0.394936
0.394936
0.394936
0.394936
0.394936
0.394936
0.394936
0.394936
0.394936
0.394936
0.394936
0.394936
0.394936
0.394936
0.394936
0.394936
0.394936
0.394936
0.394936
0.394936
0.394936
0.394936
0.394936
0.394936
0.394936
0.394936
0.394936
0.394936
0.394936
0.394936
0.394936
0.394936
0.394936
0.394936
0.394936
0.394936
0.394936
0.394936
0.394936
0.394936
0.394936
0.394936
0.394936
0.394936
0.394936
0.394936
0.394936
0.394936
0.394936
0.394936
0.394936
0.394936
0.394936
0.394936
0.394936
0.394936
0.394936
0.394936
0.394936
0.394936
0.394936
0.394936
0.394936
0.394936
0.394936
0.394936
0.394936
0.394936
0.394936
0.394936
0.394936
0.394936
0.394936
0.394936
0.394936
0.394936
0.394936
0.394936
0.394936
0.394936
0.394936
0.394936
0.394936
0.394936
0.394936
0.394936
0.394936
0.394936
0.394936
0.394936
0.394936
0.394936
0.394936
0.394936
0.394936
0.394936
0.394936
0.394936
0.394936
0.394936
0.394936
0.394936
0.394936
0.394936
0.394936
0.394936
0.394936
0.394936
0.394936
0.394936
0.394936
0.394936
0.394936
0.394936
0.394936
0.394936
0.394936
0.394936
0.394936
0.394936
0.394936
0.394936
0.394936
0.394936
0.394936
0.394936
0.394936
0.394936
0.394936
0.394936
0.394936
0.394936
0.394936
0.394936
0.394936
0.394936
0.394936
0.394936
0.394936
0.394936
0.394936
0.394936
0.394936
0.394936
0.394936
0.394936
0.394936
0.394936
0.394936
0.394936
0.394936
0.394936
0.394936
0.394936
0.394936
0.394936
0.394936
0.394936
0.394936
0.394936
0.394936
0.394936
0.394936
0.394936
0.394936
0.394936
0.394936
0.394936
0.394936
0.394936
0.394936
0.394936
0.394936
0.394936
0.394936
0.394936
0.394936
0.394936
0.394936
0.394936
0.394936
0.394936
0.394936
0.394936
0.394936
0.394936
0.394936
0.394936
0.394936
0.394936
0.394936
0.394936
0.394936
0.394936
0.394936
0.394936
0.394936
0.394936
0.394936
0.394936
0.394936
0.394936
0.394936
0.394936
0.394936
0.394936
0.394936
0.394936
0.394936
0.394936
0.394936
0.394936
0.394936
0.394936
0.394936
0.394936
0.394936
0.394936
0.394936
0.394936
0.394936
0.394936
0.394936
0.394936
0.394936
0.394936
0.394936
0.394936
0.394936
0.394936
0.394936
0.394936
0.394936
0.394936
0.394936
0.394936
0.394936
0.394936
0.394936
0.394936
0.394936
0.394936
0.394936
0.394936
0.394936
0.394936
0.394936
0.394936
0.394936
0.394936
0.394936
0.394936
0.394936
0.394936
0.394936
0.394936
0.394936
0.394936
0.394936
0.394936
0.394936
0.394936
0.394936
0.394936
0.394936
0.394936
0.394936
0.394936
0.394936
0.394936
0.394936
0.394936
0.394936
0.394936
0.394936
0.394936
0.394936
0.394936
0.394936
0.394936
0.394936
0.394936
0.394936
0.394936
0.394936
0.394936
0.394936
0.394936
0.394936
0.394936
0.394936
0.394936
0.394936
0.394936
0.394936
0.394936
0.394936
0.394936
0.394936
0.394936
0.394936
0.394936
0.394936
0.394936
0.394936
0.394936
0.394936
0.394936
0.394936
0.394936
0.394936
0.394936
0.394936
0.394936
0.394936
0.394936
0.394936
0.394936
0.394936
0.394936
0.394936
0.394936
0.394936
0.394936
0.394936
0.394936
0.394936
0.394936
0.394936
0.394936
0.394936
0.394936
0.394936
0.394936
0.394936
0.394936
0.394936
0.394936
0.394936
0.394936
0.394936
0.394936
0.394936
0.394936
0.394936
0.394936
0.394936
0.394936
0.394936
0.394936
0.394936
0.394936
0.394936
0.394936
0.394936
0.394936
0.394936
0.394936
0.394936
0.394936
0.394936
0.394936
0.394936
0.394936
0.394936
0.394936
0.394936
0.394936
0.394936
0.394936
0.394936
0.394936
0.394936
0.394936
0.394936
0.394936
0.394936
0.394936
0.394936
0.394936
0.394936
0.394936
0.394936
0.394936
0.394936
0.394936
0.394936
0.394936
0.394936
0.394936
0.394936
0.394936
0.394936
0.394936
0.394936
0.394936
0.394936
0.394936
0.394936
0.394936
0.394936
0.394936
0.394936
0.394936
0.394936
0.394936
0.394936
0.394936
0.394936
0.394936
0.394936
0.394936
0.394936
0.394936
0.394936
0.394936
0.394936
0.394936
0.394936
0.394936
0.394936
0.394936
0.394936
0.394936
0.394936
0.394936
0.394936
0.394936
0.394936
0.394936
0.394936
0.394936
0.394936
0.394936
0.394936
0.394936
0.394936
0.394936
0.394936
0.394936
0.394936
0.394936
0.394936
0.394936
0.394936
0.394936
0.394936
0.394936
0.394936
0.394936
0.394936
0.394936
0.394936
0.394936
0.394936
0.394936
0.394936
0.394936
0.394936
0.394936
0.394936
0.394936
0.394936
0.394936
0.394936
0.394936
0.394936
0.394936
0.394936
0.394936
0.394936
0.394936
0.394936
0.394936
0.394936
0.394936
0.394936
0.394936
0.394936
0.394936
0.394936
0.394936
0.394936
0.394936
0.394936
0.394936
0.394936
0.394936
0.394936
0.394936
0.394936
0.394936
0.394936
0.394936
0.394936
0.394936
0.394936
0.394936
0.394936
0.394936
0.394936
0.394936
0.394936
0.394936
0.394936
0.394936
0.394936
0.394936
0.394936
0.394936
0.394936
0.394936
0.394936
0.394936
0.394936
0.394936
0.394936
0.394936
0.394936
0.394936
0.394936
0.394936
0.394936
0.394936
0.394936
0.394936
0.394936
0.394936
0.394936
0.394936
0.394936
0.394936
0.394936
0.394936
0.394936
0.394936
0.394936
0.394936
0.394936
0.394936
0.394936
0.394936
0.394936
0.394936
0.394936
0.394936
0.394936
0.394936
0.394936
0.394936
0.394936
0.394936
0.394936
0.394936
0.394936
0.394936
0.394936
0.394936
0.394936
0.394936
0.394936
0.394936
0.394936
0.394936
0.394936
0.394936
0.394936
0.394936
0.394936
0.394936
0.394936
0.394936
0.394936
0.394936
0.394936
0.394936
0.394936
0.394936
0.394936
0.394936
0.394936
0.394936
0.394936
0.394936
0.394936
0.394936
0.394936
0.394936
0.394936
0.394936
0.394936
0.394936
0.394936
0.394936
0.394936
0.394936
0.394936
0.394936
0.394936
0.394936
0.394936
0.394936
0.394936
0.394936
0.394936
0.394936
0.394936
0.394936
0.394936
0.394936
0.394936
0.394936
0.394936
0.394936
0.394936
0.394936
0.394936
0.394936
0.394936
0.394936
0.394936
0.394936
0.394936
0.394936
0.394936
0.394936
0.394936
0.394936
0.394936
0.394936
0.394936
0.394936
0.394936
0.394936
0.394936
0.394936
0.394936
0.394936
0.394936
0.394936
0.394936
0.394936
0.394936
0.394936
0.394936
0.394936
0.394936
0.394936
0.394936
0.394936
0.394936
0.394936
0.394936
0.394936
0.394936
0.394936
0.394936
0.394936
0.394936
0.394936
0.394936
0.394936
0.394936
0.394936
0.394936
0.394936
0.394936
0.394936
0.394936
0.394936
0.394936
0.394936
0.394936
0.394936
0.394936
0.394936
0.394936
0.394936
0.394936
0.394936
0.394936
0.394936
0.394936
0.394936
0.394936
0.394936
0.394936
0.394936
0.394936
0.394936
0.394936
0.394936
0.394936
0.394936
0.394936
0.394936
0.394936
0.394936
0.394936
0.394936
0.394936
0.394936
0.394936
0.394936
0.394936
0.394936
0.394936
0.394936
0.394936
0.394936
0.394936
0.394936
0.394936
0.394936
0.394936
0.394936
0.394936
0.394936
0.394936
0.394936
0.394936
0.394936
0.394936
0.394936
0.394936
0.394936
0.394936
0.394936
0.394936
0.394936
0.394936
0.394936
0.394936
0.394936
0.394936
0.394936
0.394936
0.394936
0.394936
0.394936
0.394936
